acc: 0.152400
nll: 3.552311
ece(15bins): 0.008293
num_experts: 4  top_k: 1  lb_coef: 0.01
